16.44 17.33
16.78 17.62
17.01 17.65
17.07 17.76
17.07 17.82
17.10 17.82
17.14 18.00
17.14 18.07
17.30 18.07
17.37 18.32
17.37 18.32
17.44 18.39
17.44 18.46
17.50 18.46
17.57 18.46
17.57 18.46
17.64 18.53
17.64 18.61
17.68 18.65
17.75 18.72
17.75 18.75
17.75 18.79
17.78 18.79
17.82 18.79
17.85 18.87
17.89 18.87
17.92 18.87
17.92 18.94
17.96 18.94
18.00 18.94
18.03 18.94
18.03 18.99
18.07 19.02
18.07 19.02
18.10 19.02
18.10 19.02
18.14 19.06
18.14 19.06
18.14 19.10
18.14 19.14
18.18 19.14
18.18 19.14
18.18 19.14
18.18 19.14
18.22 19.14
18.22 19.14
18.25 19.17
18.25 19.21
18.29 19.22
18.29 19.22
18.29 19.22
18.29 19.22
18.29 19.22
18.32 19.22
18.32 19.22
18.36 19.22
18.36 19.29
18.36 19.29
18.40 19.29
18.44 19.29
18.48 19.29
18.48 19.29
18.48 19.29
18.48 19.29
18.48 19.29
18.48 19.29
18.48 19.37
18.51 19.37
18.51 19.37
18.51 19.37
18.51 19.37
18.51 19.37
18.55 19.37
18.55 19.45
18.63 19.45
18.63 19.45
18.66 19.53
18.71 19.53
18.71 19.57
18.71 19.57
18.78 19.57
18.86 19.65
18.86 19.65
18.94 19.65
18.98 19.65
19.06 19.69
19.06 19.90
19.14 20.03
19.14 20.07
19.14 20.11
19.22 20.11
19.38 20.20
19.63 20.28
19.63 20.37
19.80 20.59
19.89 20.59
19.98 20.68
20.28 21.09
20.33 21.27
20.60 21.51