1 3.85439410445589
1 3.09104154426699
1 3.01553441065397
1 2.98061914335803
1 2.85647020622048
1 2.68784749378469
1 2.59525396068793
1 2.56494935746154
1 2.50959926237837
1 2.50143677141101
1 2.33214389523559
1 2.27212588550934
1 2.27212588550934
1 2.25129179860650
1 2.20827441352280
1 2.18605127673809
1 2.18605127673809
1 2.12823170584927
1 2.09186282710973
1 2.06686275947298
1 2.05412373369555
1 1.93152141160321
1 1.84054963339749
1 1.80828877117927
1 1.72276659774110
1 1.54756250871601
1 1.54756250871601
1 1.45861502269952
1 1.43508452528932
1 1.3609765531356
1 1.22377543162212
1 1.1314021114911
1 1.1314021114911
1 0.993251773010283
1 0.8754687373539
1 0.832909122935104
1 0.832909122935104
1 0.741937344729377
1 0.741937344729377
1 0.693147180559945
1 0.641853886172395
1 0.53062825106217
1 0.53062825106217
2 2.98061914335803
2 2.78501000766967
2 2.76631910922619
2 2.73436880812004
2 2.27212588550934
2 2.18605127673809
2 2.15176220325946
2 2.15176220325946
2 2.00148000021012
2 1.84054963339749
2 1.80828877117927
2 1.79175946922806
2 1.79175946922806
2 1.77495235091167
2 1.58923520511658
2 1.52605630349505
2 1.33500106673234
2 1.28093384546206
2 1.25276296849537
2 1.19392246847243
2 1.19392246847243
2 1.06471073699243
2 1.02961941718116
2 0.993251773010283
2 0.8754687373539
2 0.832909122935104
2 0.693147180559945
2 0.587786664902119
2 0.53062825106217
2 0.53062825106217
2 0.470003629245736
2 0.336472236621213
2 0.182321556793955
2 0.095310179804325
2 0